Type;ESL-3;
Version;1.83 SP4;
Date;10.May 19;
Mode;ANALYZER;
Center Freq;1500000000.000000;Hz
Freq Offset;0.000000;Hz
Span;3000000000.000000;Hz
x-Axis;LIN;
Start;0.000000;Hz
Stop;3000000000.000000;Hz
Ref Level;10.000000;dBm
Level Offset;0.000000;dB
Ref Position;100.000000;%
y-Axis;LOG;
Level Range;100.000000;dB
Rf Att;20.000000;dB
RBW;3000000.000000;Hz
VBW;10000000.000000;Hz
SWT;0.005000;s
Trace Mode;CLR/WRITE;
Detector;SAMPLE;
Sweep Count;0;
Trace 1:;;
x-Unit;Hz;
y-Unit;dBm;
Values;501;
0;-0.90253949165344238;
6000000;-1.5172003507614136;
12000000;-1.1098160743713379;
18000000;-1.1466314792633057;
24000000;-1.1552712917327881;
30000000;-1.1832022666931152;
36000000;-1.1739436388015747;
42000000;-1.1659716367721558;
48000000;-1.1477491855621338;
54000000;-1.1225048303604126;
60000000;-1.1301363706588745;
66000000;-1.1300770044326782;
72000000;-1.1344350576400757;
78000000;-1.1357438564300537;
84000000;-1.1253929138183594;
90000000;-1.1240646839141846;
96000000;-1.1406855583190918;
102000000;-1.145469069480896;
108000000;-1.1838902235031128;
114000000;-1.230527400970459;
120000000;-1.289903998374939;
126000000;-1.2818813323974609;
132000000;-1.2459543943405151;
138000000;-1.1628251075744629;
144000000;-1.0516557693481445;
150000000;-0.94418686628341675;
156000000;-0.86891436576843262;
162000000;-0.90454596281051636;
168000000;-0.94971752166748047;
174000000;-0.98090296983718872;
180000000;-0.97612506151199341;
186000000;-0.92818278074264526;
192000000;-0.86668646335601807;
198000000;-0.79623085260391235;
204000000;-0.77292078733444214;
210000000;-0.77849221229553223;
216000000;-0.8239283561706543;
222000000;-0.87921428680419922;
228000000;-0.92012619972229004;
234000000;-0.91140198707580566;
240000000;-0.84993582963943481;
246000000;-0.73085236549377441;
252000000;-0.59959518909454346;
258000000;-0.63389021158218384;
264000000;-0.60766029357910156;
270000000;-0.59568947553634644;
276000000;-0.57891708612442017;
282000000;-0.54752486944198608;
288000000;-0.50657385587692261;
294000000;-0.43562966585159302;
300000000;-0.39338624477386475;
306000000;-0.35844305157661438;
312000000;-0.35383692383766174;
318000000;-0.39151138067245483;
324000000;-0.47942507266998291;
330000000;-0.67945677042007446;
336000000;-0.80346536636352539;
342000000;-0.80449843406677246;
348000000;-0.72505468130111694;
354000000;-0.54423773288726807;
360000000;-0.38100659847259521;
366000000;-0.26427605748176575;
372000000;-0.21326898038387299;
378000000;-0.22643707692623138;
384000000;-0.28477632999420166;
390000000;-0.32717087864875793;
396000000;-0.31320777535438538;
402000000;-0.31718060374259949;
408000000;-0.26019430160522461;
414000000;-0.24514393508434296;
420000000;-0.27351087331771851;
426000000;-0.35867106914520264;
432000000;-0.49295240640640259;
438000000;-0.64713788032531738;
444000000;-0.70239776372909546;
450000000;-0.69714462757110596;
456000000;-0.74306964874267578;
462000000;-0.60319620370864868;
468000000;-0.44962894916534424;
474000000;-0.38268020749092102;
480000000;-0.42187222838401794;
486000000;-0.56202816963195801;
492000000;-0.72643846273422241;
498000000;-0.85200238227844238;
504000000;-0.91592246294021606;
510000000;-0.88448774814605713;
516000000;-0.77436977624893188;
522000000;-0.65023458003997803;
528000000;-0.54167944192886353;
534000000;-0.53387850522994995;
540000000;-0.59553694725036621;
546000000;-0.71269303560256958;
552000000;-0.81825649738311768;
558000000;-0.81963354349136353;
564000000;-0.71722507476806641;
570000000;-0.64325559139251709;
576000000;-0.55489814281463623;
582000000;-0.58194130659103394;
588000000;-0.7667384147644043;
594000000;-1.0170083045959473;
600000000;-1.2635159492492676;
606000000;-1.3966050148010254;
612000000;-1.4266583919525146;
618000000;-1.3584760427474976;
624000000;-1.2661453485488892;
630000000;-1.0844900608062744;
636000000;-0.93837791681289673;
642000000;-0.83167386054992676;
648000000;-0.8794180154800415;
654000000;-1.0248641967773437;
660000000;-1.129254937171936;
666000000;-1.1112880706787109;
672000000;-0.97519570589065552;
678000000;-0.76747119426727295;
684000000;-0.57815051078796387;
690000000;-0.45052507519721985;
696000000;-0.48825237154960632;
702000000;-0.7605818510055542;
708000000;-1.0206310749053955;
714000000;-1.2035456895828247;
720000000;-1.2718253135681152;
726000000;-1.2149040699005127;
732000000;-1.0648407936096191;
738000000;-0.89254540205001831;
744000000;-0.72587460279464722;
750000000;-0.6839301586151123;
756000000;-0.73541527986526489;
762000000;-0.85308462381362915;
768000000;-0.95734858512878418;
774000000;-0.9907066822052002;
780000000;-0.94437915086746216;
786000000;-0.82796931266784668;
792000000;-0.71907413005828857;
798000000;-0.67470353841781616;
804000000;-0.75494617223739624;
810000000;-0.96503555774688721;
816000000;-1.1322864294052124;
822000000;-1.2911523580551147;
828000000;-1.3744800090789795;
834000000;-1.2694855928421021;
840000000;-1.1149286031723022;
846000000;-0.94092226028442383;
852000000;-0.84450531005859375;
858000000;-0.99226903915405273;
864000000;-1.2490489482879639;
870000000;-1.6092351675033569;
876000000;-1.9277706146240234;
882000000;-2.0766761302947998;
888000000;-2.0787136554718018;
894000000;-1.8863480091094971;
900000000;-1.5784062147140503;
906000000;-1.2924929857254028;
912000000;-1.0967825651168823;
918000000;-1.090954065322876;
924000000;-1.2605381011962891;
930000000;-1.4807438850402832;
936000000;-1.643532395362854;
942000000;-1.6932008266448975;
948000000;-1.6180834770202637;
954000000;-1.529426097869873;
960000000;-1.4602100849151611;
966000000;-1.5638899803161621;
972000000;-1.7995181083679199;
978000000;-2.1213350296020508;
984000000;-2.4342477321624756;
990000000;-2.610184907913208;
996000000;-2.6275832653045654;
1002000000;-2.4626965522766113;
1008000000;-2.1930088996887207;
1014000000;-1.8813191652297974;
1020000000;-1.6429344415664673;
1026000000;-1.5676726102828979;
1032000000;-1.6562190055847168;
1038000000;-1.8090550899505615;
1044000000;-1.9631129503250122;
1050000000;-2.0626657009124756;
1056000000;-2.0915980339050293;
1062000000;-2.1047253608703613;
1068000000;-2.2877504825592041;
1074000000;-2.5927259922027588;
1080000000;-2.9568278789520264;
1086000000;-3.2867038249969482;
1092000000;-3.5719566345214844;
1098000000;-3.6805059909820557;
1104000000;-3.5879311561584473;
1110000000;-3.3973915576934814;
1116000000;-3.0732500553131104;
1122000000;-2.8010833263397217;
1128000000;-2.6295669078826904;
1134000000;-2.7246220111846924;
1140000000;-2.9964230060577393;
1146000000;-3.2982854843139648;
1152000000;-3.6000697612762451;
1158000000;-3.8410022258758545;
1164000000;-4.0103740692138672;
1170000000;-4.2187762260437012;
1176000000;-4.3811931610107422;
1182000000;-4.6177411079406738;
1188000000;-4.8554630279541016;
1194000000;-5.1318106651306152;
1200000000;-5.2744255065917969;
1206000000;-5.3461689949035645;
1212000000;-5.2212715148925781;
1218000000;-5.0141439437866211;
1224000000;-4.7058405876159668;
1230000000;-4.4097213745117187;
1236000000;-4.1865363121032715;
1242000000;-4.1920924186706543;
1248000000;-4.3963427543640137;
1254000000;-4.6936502456665039;
1260000000;-5.0571684837341309;
1266000000;-5.3280868530273437;
1272000000;-5.5130090713500977;
1278000000;-5.6287441253662109;
1284000000;-5.6165623664855957;
1290000000;-5.6077132225036621;
1296000000;-5.5671577453613281;
1302000000;-5.5748682022094727;
1308000000;-5.5497488975524902;
1314000000;-5.5466055870056152;
1320000000;-5.5156345367431641;
1326000000;-5.4593172073364258;
1332000000;-5.4011259078979492;
1338000000;-5.5677070617675781;
1344000000;-5.8358330726623535;
1350000000;-6.3459968566894531;
1356000000;-6.6156601905822754;
1362000000;-7.3399162292480469;
1368000000;-8.0107555389404297;
1374000000;-8.6257133483886719;
1380000000;-9.0266733169555664;
1386000000;-9.2857027053833008;
1392000000;-9.3057947158813477;
1398000000;-9.1515178680419922;
1404000000;-8.9504833221435547;
1410000000;-8.6104440689086914;
1416000000;-8.1434383392333984;
1422000000;-7.6257834434509277;
1428000000;-7.1283020973205566;
1434000000;-6.6505846977233887;
1440000000;-6.3587613105773926;
1446000000;-6.2901749610900879;
1452000000;-6.4749526977539063;
1458000000;-7.0892267227172852;
1464000000;-7.9034237861633301;
1470000000;-8.8090238571166992;
1476000000;-9.6986942291259766;
1482000000;-10.493422508239746;
1488000000;-11.097590446472168;
1494000000;-11.34713077545166;
1500000000;-11.565835952758789;
1506000000;-11.495964050292969;
1512000000;-11.215620040893555;
1518000000;-10.860947608947754;
1524000000;-10.335289001464844;
1530000000;-9.7118310928344727;
1536000000;-9.2108669281005859;
1542000000;-8.6512947082519531;
1548000000;-8.3793220520019531;
1554000000;-8.4505128860473633;
1560000000;-8.938298225402832;
1566000000;-9.8189411163330078;
1572000000;-10.892857551574707;
1578000000;-11.799460411071777;
1584000000;-12.64169979095459;
1590000000;-13.367983818054199;
1596000000;-13.952460289001465;
1602000000;-14.321393966674805;
1608000000;-14.235454559326172;
1614000000;-14.125641822814941;
1620000000;-13.75084114074707;
1626000000;-13.158299446105957;
1632000000;-12.376019477844238;
1638000000;-11.419161796569824;
1644000000;-10.325305938720703;
1650000000;-9.293766975402832;
1656000000;-8.4075899124145508;
1662000000;-8.0933427810668945;
1668000000;-8.4686336517333984;
1674000000;-9.2593936920166016;
1680000000;-10.348408699035645;
1686000000;-11.45411205291748;
1692000000;-12.575991630554199;
1698000000;-13.477258682250977;
1704000000;-14.194418907165527;
1710000000;-14.61601734161377;
1716000000;-15.055183410644531;
1722000000;-15.188767433166504;
1728000000;-15.115880966186523;
1734000000;-14.905793190002441;
1740000000;-14.432680130004883;
1746000000;-13.695650100708008;
1752000000;-12.893651962280273;
1758000000;-12.059430122375488;
1764000000;-11.501187324523926;
1770000000;-11.482677459716797;
1776000000;-11.940672874450684;
1782000000;-12.768590927124023;
1788000000;-13.622267723083496;
1794000000;-14.30726432800293;
1800000000;-14.936156272888184;
1806000000;-15.321887016296387;
1812000000;-15.628958702087402;
1818000000;-15.826399803161621;
1824000000;-15.784614562988281;
1830000000;-15.830093383789063;
1836000000;-15.691407203674316;
1842000000;-15.545241355895996;
1848000000;-15.137187957763672;
1854000000;-14.513790130615234;
1860000000;-13.652730941772461;
1866000000;-12.636140823364258;
1872000000;-11.580763816833496;
1878000000;-11.046813011169434;
1884000000;-11.365643501281738;
1890000000;-12.204752922058105;
1896000000;-13.154361724853516;
1902000000;-14.032472610473633;
1908000000;-14.714431762695313;
1914000000;-15.006240844726563;
1920000000;-15.282051086425781;
1926000000;-15.378303527832031;
1932000000;-15.100752830505371;
1938000000;-14.861281394958496;
1944000000;-14.46934700012207;
1950000000;-13.819796562194824;
1956000000;-13.142134666442871;
1962000000;-12.358983993530273;
1968000000;-11.69877815246582;
1974000000;-11.621453285217285;
1980000000;-12.175200462341309;
1986000000;-13.402758598327637;
1992000000;-14.986552238464355;
1998000000;-16.275184631347656;
2004000000;-17.431474685668945;
2010000000;-18.22650146484375;
2016000000;-18.739936828613281;
2022000000;-18.867837905883789;
2028000000;-18.925163269042969;
2034000000;-18.890903472900391;
2040000000;-18.410789489746094;
2046000000;-18.032339096069336;
2052000000;-17.672969818115234;
2058000000;-17.115779876708984;
2064000000;-16.581699371337891;
2070000000;-15.939023017883301;
2076000000;-15.29175853729248;
2082000000;-15.135307312011719;
2088000000;-15.590401649475098;
2094000000;-16.951568603515625;
2100000000;-18.423648834228516;
2106000000;-19.936893463134766;
2112000000;-21.324472427368164;
2118000000;-22.249900817871094;
2124000000;-22.879928588867188;
2130000000;-23.133731842041016;
2136000000;-23.376363754272461;
2142000000;-23.012100219726563;
2148000000;-22.271026611328125;
2154000000;-21.995883941650391;
2160000000;-20.872884750366211;
2166000000;-19.847249984741211;
2172000000;-18.494752883911133;
2178000000;-17.077522277832031;
2184000000;-15.508724212646484;
2190000000;-14.60627269744873;
2196000000;-14.529850006103516;
2202000000;-15.222943305969238;
2208000000;-16.478742599487305;
2214000000;-17.761625289916992;
2220000000;-19.044118881225586;
2226000000;-20.130353927612305;
2232000000;-21.193775177001953;
2238000000;-21.629926681518555;
2244000000;-22.021808624267578;
2250000000;-22.197887420654297;
2256000000;-22.419515609741211;
2262000000;-21.892971038818359;
2268000000;-21.129884719848633;
2274000000;-20.379962921142578;
2280000000;-19.205821990966797;
2286000000;-18.185482025146484;
2292000000;-17.167623519897461;
2298000000;-16.675065994262695;
2304000000;-17.022380828857422;
2310000000;-18.177944183349609;
2316000000;-19.012668609619141;
2322000000;-20.162015914916992;
2328000000;-20.996250152587891;
2334000000;-22.116676330566406;
2340000000;-22.926897048950195;
2346000000;-23.580625534057617;
2352000000;-23.786117553710937;
2358000000;-24.101613998413086;
2364000000;-24.270109176635742;
2370000000;-24.25092887878418;
2376000000;-23.709617614746094;
2382000000;-22.781383514404297;
2388000000;-21.846542358398438;
2394000000;-20.612451553344727;
2400000000;-19.293558120727539;
2406000000;-18.239400863647461;
2412000000;-17.763900756835938;
2418000000;-17.985420227050781;
2424000000;-18.184698104858398;
2430000000;-18.803531646728516;
2436000000;-19.591611862182617;
2442000000;-20.392656326293945;
2448000000;-21.100814819335938;
2454000000;-21.715742111206055;
2460000000;-22.514028549194336;
2466000000;-23.344776153564453;
2472000000;-23.244316101074219;
2478000000;-23.264245986938477;
2484000000;-22.989995956420898;
2490000000;-21.574832916259766;
2496000000;-20.848464965820313;
2502000000;-19.732887268066406;
2508000000;-19.36088752746582;
2514000000;-19.244571685791016;
2520000000;-19.534389495849609;
2526000000;-20.085844039916992;
2532000000;-20.544824600219727;
2538000000;-20.793132781982422;
2544000000;-21.119308471679688;
2550000000;-21.254241943359375;
2556000000;-21.337497711181641;
2562000000;-21.929727554321289;
2568000000;-22.303060531616211;
2574000000;-22.514883041381836;
2580000000;-22.769979476928711;
2586000000;-22.709747314453125;
2592000000;-22.401222229003906;
2598000000;-22.165218353271484;
2604000000;-21.858963012695313;
2610000000;-21.574331283569336;
2616000000;-21.543136596679688;
2622000000;-21.843938827514648;
2628000000;-22.372770309448242;
2634000000;-23.162342071533203;
2640000000;-23.696155548095703;
2646000000;-23.969121932983398;
2652000000;-24.583671569824219;
2658000000;-24.54289436340332;
2664000000;-24.322259902954102;
2670000000;-23.821081161499023;
2676000000;-23.549476623535156;
2682000000;-23.014545440673828;
2688000000;-22.760700225830078;
2694000000;-22.46278190612793;
2700000000;-22.322286605834961;
2706000000;-22.05409049987793;
2712000000;-22.013484954833984;
2718000000;-22.100566864013672;
2724000000;-22.696352005004883;
2730000000;-23.805116653442383;
2736000000;-24.973819732666016;
2742000000;-25.676816940307617;
2748000000;-25.751735687255859;
2754000000;-26.682283401489258;
2760000000;-27.043113708496094;
2766000000;-27.077507019042969;
2772000000;-26.540664672851562;
2778000000;-26.483837127685547;
2784000000;-25.803754806518555;
2790000000;-24.885343551635742;
2796000000;-24.145538330078125;
2802000000;-23.232599258422852;
2808000000;-22.126016616821289;
2814000000;-21.374774932861328;
2820000000;-20.897144317626953;
2826000000;-20.743747711181641;
2832000000;-20.969339370727539;
2838000000;-21.235162734985352;
2844000000;-22.0557861328125;
2850000000;-22.896909713745117;
2856000000;-23.626466751098633;
2862000000;-24.227771759033203;
2868000000;-24.943740844726563;
2874000000;-25.104352951049805;
2880000000;-25.338476181030273;
2886000000;-25.06159782409668;
2892000000;-24.503128051757813;
2898000000;-23.57213020324707;
2904000000;-22.93324089050293;
2910000000;-21.842935562133789;
2916000000;-20.91387939453125;
2922000000;-20.014753341674805;
2928000000;-19.808357238769531;
2934000000;-19.856882095336914;
2940000000;-20.554445266723633;
2946000000;-21.348051071166992;
2952000000;-22.408971786499023;
2958000000;-23.771913528442383;
2964000000;-24.500637054443359;
2970000000;-25.598943710327148;
2976000000;-26.383466720581055;
2982000000;-26.78826904296875;
2988000000;-26.651124954223633;
2994000000;-26.642360687255859;
3000000000;-26.762189865112305;
