0;-0.90376359224319458;
6000000;-1.3840113878250122;
12000000;-1.0267695188522339;
18000000;-1.0641001462936401;
24000000;-1.0701090097427368;
30000000;-1.0752153396606445;
36000000;-1.0749579668045044;
42000000;-1.0552550554275513;
48000000;-1.0323237180709839;
54000000;-1.0259929895401001;
60000000;-1.0336523056030273;
66000000;-1.062043309211731;
72000000;-1.079459547996521;
78000000;-1.086194634437561;
84000000;-1.0548067092895508;
90000000;-1.0289124250411987;
96000000;-1.0047358274459839;
102000000;-0.97288274765014648;
108000000;-0.96872532367706299;
114000000;-0.973804771900177;
120000000;-0.99404585361480713;
126000000;-1.0050971508026123;
132000000;-0.99370187520980835;
138000000;-0.95525491237640381;
144000000;-0.86630851030349731;
150000000;-0.80409711599349976;
156000000;-0.73484140634536743;
162000000;-0.77286320924758911;
168000000;-0.85134923458099365;
174000000;-0.90479522943496704;
180000000;-0.94653862714767456;
186000000;-0.94527554512023926;
192000000;-0.89429807662963867;
198000000;-0.78560864925384521;
204000000;-0.67523276805877686;
210000000;-0.56423544883728027;
216000000;-0.46763816475868225;
222000000;-0.42552670836448669;
228000000;-0.41067647933959961;
234000000;-0.40499758720397949;
240000000;-0.40936577320098877;
246000000;-0.39543479681015015;
252000000;-0.34723109006881714;
258000000;-0.44784733653068542;
264000000;-0.42494559288024902;
270000000;-0.3959273099899292;
276000000;-0.38785484433174133;
282000000;-0.38813024759292603;
288000000;-0.39871576428413391;
294000000;-0.39492413401603699;
300000000;-0.32498094439506531;
306000000;-0.26615110039710999;
312000000;-0.15033014118671417;
318000000;-0.047569118440151215;
324000000;0.023408537730574608;
330000000;-0.082101777195930481;
336000000;-0.17759513854980469;
342000000;-0.31019890308380127;
348000000;-0.33988028764724731;
354000000;-0.35404732823371887;
360000000;-0.29654571413993835;
366000000;-0.1999448835849762;
372000000;-0.09078158438205719;
378000000;-0.0005708470125682652;
384000000;0.028967022895812988;
390000000;-0.0058047925122082233;
396000000;-0.064951248466968536;
402000000;-0.17131146788597107;
408000000;-0.23448097705841064;
414000000;-0.2215358167886734;
420000000;-0.14298394322395325;
426000000;-0.018939726054668427;
432000000;0.1149105429649353;
438000000;0.2096673995256424;
444000000;0.19950459897518158;
450000000;0.069506846368312836;
456000000;-0.18475189805030823;
462000000;-0.36851170659065247;
468000000;-0.4376729428768158;
474000000;-0.38877427577972412;
480000000;-0.30878689885139465;
486000000;-0.171952024102211;
492000000;-0.074406698346138;
498000000;-0.051910810172557831;
504000000;-0.10487645864486694;
510000000;-0.21685037016868591;
516000000;-0.34362626075744629;
522000000;-0.41251665353775024;
528000000;-0.38592123985290527;
534000000;-0.31926590204238892;
540000000;-0.18232624232769012;
546000000;-0.11746514588594437;
552000000;-0.19677425920963287;
558000000;-0.36373785138130188;
564000000;-0.57563722133636475;
570000000;-0.77752047777175903;
576000000;-0.94596093893051147;
582000000;-0.97397571802139282;
588000000;-0.89467728137969971;
594000000;-0.7211952805519104;
600000000;-0.49255603551864624;
606000000;-0.30305075645446777;
612000000;-0.217829629778862;
618000000;-0.26460662484169006;
624000000;-0.49472367763519287;
630000000;-0.6748661994934082;
636000000;-0.76538866758346558;
642000000;-0.72487848997116089;
648000000;-0.6482161283493042;
654000000;-0.56466108560562134;
660000000;-0.47130522131919861;
666000000;-0.43382108211517334;
672000000;-0.49599584937095642;
678000000;-0.61155027151107788;
684000000;-0.72747248411178589;
690000000;-0.81173795461654663;
696000000;-0.80704456567764282;
702000000;-0.77845299243927002;
708000000;-0.65676099061965942;
714000000;-0.47555220127105713;
720000000;-0.32946658134460449;
726000000;-0.30232071876525879;
732000000;-0.37580883502960205;
738000000;-0.544688880443573;
744000000;-0.68498796224594116;
750000000;-0.77513301372528076;
756000000;-0.76438170671463013;
762000000;-0.65606492757797241;
768000000;-0.48662564158439636;
774000000;-0.32809954881668091;
780000000;-0.2495456337928772;
786000000;-0.28381520509719849;
792000000;-0.45621734857559204;
798000000;-0.65154659748077393;
804000000;-0.80484515428543091;
810000000;-0.88661253452301025;
816000000;-0.84693235158920288;
822000000;-0.70704936981201172;
828000000;-0.604736328125;
834000000;-0.50270110368728638;
840000000;-0.53210842609405518;
846000000;-0.69130420684814453;
852000000;-0.91277587413787842;
858000000;-1.1378048658370972;
864000000;-1.27374267578125;
870000000;-1.2900738716125488;
876000000;-1.1989474296569824;
882000000;-1.0222450494766235;
888000000;-0.84527856111526489;
894000000;-0.7424694299697876;
900000000;-0.79988002777099609;
906000000;-1.006966233253479;
912000000;-1.2855517864227295;
918000000;-1.4957970380783081;
924000000;-1.607305645942688;
930000000;-1.5694719552993774;
936000000;-1.3916418552398682;
942000000;-1.1294487714767456;
948000000;-0.86356401443481445;
954000000;-0.71517461538314819;
960000000;-0.74522066116333008;
966000000;-0.96089088916778564;
972000000;-1.2214813232421875;
978000000;-1.436127781867981;
984000000;-1.5241967439651489;
990000000;-1.473347544670105;
996000000;-1.320504903793335;
1002000000;-1.0694098472595215;
1008000000;-0.93928271532058716;
1014000000;-0.91442590951919556;
1020000000;-1.0530546903610229;
1026000000;-1.2958649396896362;
1032000000;-1.5239704847335815;
1038000000;-1.6626063585281372;
1044000000;-1.6406694650650024;
1050000000;-1.5259933471679688;
1056000000;-1.306485652923584;
1062000000;-1.0945309400558472;
1068000000;-0.97439008951187134;
1074000000;-1.0723006725311279;
1080000000;-1.2145307064056396;
1086000000;-1.4619235992431641;
1092000000;-1.6218500137329102;
1098000000;-1.6988143920898437;
1104000000;-1.6574273109436035;
1110000000;-1.5260361433029175;
1116000000;-1.3032084703445435;
1122000000;-1.157257080078125;
1128000000;-1.1484024524688721;
1134000000;-1.2277108430862427;
1140000000;-1.4139831066131592;
1146000000;-1.5527900457382202;
1152000000;-1.6105093955993652;
1158000000;-1.6359583139419556;
1164000000;-1.5531333684921265;
1170000000;-1.4205300807952881;
1176000000;-1.3285924196243286;
1182000000;-1.3191263675689697;
1188000000;-1.4361510276794434;
1194000000;-1.622175931930542;
1200000000;-1.829166054725647;
1206000000;-2.0049645900726318;
1212000000;-2.0997703075408936;
1218000000;-2.0541470050811768;
1224000000;-1.971286416053772;
1230000000;-1.8065263032913208;
1236000000;-1.6332992315292358;
1242000000;-1.5645643472671509;
1248000000;-1.5694394111633301;
1254000000;-1.6912462711334229;
1260000000;-1.8465452194213867;
1266000000;-1.9997719526290894;
1272000000;-2.1059379577636719;
1278000000;-2.1233932971954346;
1284000000;-2.073775053024292;
1290000000;-1.9373049736022949;
1296000000;-1.8052756786346436;
1302000000;-1.720196008682251;
1308000000;-1.7165297269821167;
1314000000;-1.796034574508667;
1320000000;-1.9437547922134399;
1326000000;-2.0910406112670898;
1332000000;-2.1935193538665771;
1338000000;-2.3202800750732422;
1344000000;-2.32004714012146;
1350000000;-2.2592666149139404;
1356000000;-1.7157623767852783;
1362000000;-1.6701538562774658;
1368000000;-1.6729316711425781;
1374000000;-1.7628575563430786;
1380000000;-1.9092106819152832;
1386000000;-2.0590090751647949;
1392000000;-2.1472220420837402;
1398000000;-2.1509420871734619;
1404000000;-2.1542630195617676;
1410000000;-2.0456974506378174;
1416000000;-1.9453527927398682;
1422000000;-1.8599443435668945;
1428000000;-1.8847587108612061;
1434000000;-2.0161149501800537;
1440000000;-2.2057061195373535;
1446000000;-2.3981320858001709;
1452000000;-2.5288112163543701;
1458000000;-2.5615155696868896;
1464000000;-2.5276217460632324;
1470000000;-2.4004034996032715;
1476000000;-2.2740521430969238;
1482000000;-2.2112555503845215;
1488000000;-2.1659083366394043;
1494000000;-2.2333745956420898;
1500000000;-2.2798585891723633;
1506000000;-2.3480956554412842;
1512000000;-2.3610217571258545;
1518000000;-2.2926652431488037;
1524000000;-2.147388219833374;
1530000000;-1.9500414133071899;
1536000000;-1.8558416366577148;
1542000000;-1.8056063652038574;
1548000000;-1.8703943490982056;
1554000000;-1.9916363954544067;
1560000000;-2.132990837097168;
1566000000;-2.1809568405151367;
1572000000;-2.166696310043335;
1578000000;-2.0238752365112305;
1584000000;-1.8277099132537842;
1590000000;-1.6135839223861694;
1596000000;-1.4725157022476196;
1602000000;-1.458775520324707;
1608000000;-1.5911579132080078;
1614000000;-1.7912633419036865;
1620000000;-1.9649176597595215;
1626000000;-2.108421802520752;
1632000000;-2.1526260375976562;
1638000000;-2.1092917919158936;
1644000000;-2.0319685935974121;
1650000000;-1.9164696931838989;
1656000000;-1.8400397300720215;
1662000000;-1.8415515422821045;
1668000000;-1.9141042232513428;
1674000000;-1.9848802089691162;
1680000000;-2.067314624786377;
1686000000;-2.1374325752258301;
1692000000;-2.1428015232086182;
1698000000;-2.0940530300140381;
1704000000;-2.0100173950195312;
1710000000;-1.8978705406188965;
1716000000;-1.753963828086853;
1722000000;-1.6498082876205444;
1728000000;-1.5633847713470459;
1734000000;-1.552812933921814;
1740000000;-1.6242830753326416;
1746000000;-1.7138845920562744;
1752000000;-1.8605731725692749;
1758000000;-2.0024700164794922;
1764000000;-2.1156232357025146;
1770000000;-2.1593379974365234;
1776000000;-2.1474392414093018;
1782000000;-2.0077927112579346;
1788000000;-1.8121045827865601;
1794000000;-1.6326243877410889;
1800000000;-1.4298310279846191;
1806000000;-1.2550185918807983;
1812000000;-1.1233274936676025;
1818000000;-1.0597915649414062;
1824000000;-0.99575293064117432;
1830000000;-0.95994120836257935;
1836000000;-0.93160241842269897;
1842000000;-1.0300664901733398;
1848000000;-1.1772055625915527;
1854000000;-1.3645763397216797;
1860000000;-1.5724570751190186;
1866000000;-1.7126704454421997;
1872000000;-1.731013298034668;
1878000000;-1.6168931722640991;
1884000000;-1.3037242889404297;
1890000000;-0.92821371555328369;
1896000000;-0.57565701007843018;
1902000000;-0.36588084697723389;
1908000000;-0.46081951260566711;
1914000000;-0.85063356161117554;
1920000000;-1.302263617515564;
1926000000;-1.7510750293731689;
1932000000;-1.9641114473342896;
1938000000;-1.9580271244049072;
1944000000;-1.7575722932815552;
1950000000;-1.3584285974502563;
1956000000;-0.97215509414672852;
1962000000;-0.61431437730789185;
1968000000;-0.42884156107902527;
1974000000;-0.52225786447525024;
1980000000;-0.75308376550674438;
1986000000;-0.97911590337753296;
1992000000;-1.0573428869247437;
1998000000;-1.0725803375244141;
2004000000;-0.9383050799369812;
2010000000;-0.81650763750076294;
2016000000;-0.75267601013183594;
2022000000;-0.8579716682434082;
2028000000;-1.0896842479705811;
2034000000;-1.4072810411453247;
2040000000;-1.6619265079498291;
2046000000;-1.8026196956634521;
2052000000;-1.7200767993927002;
2058000000;-1.5978941917419434;
2064000000;-1.3899706602096558;
2070000000;-1.195804238319397;
2076000000;-1.1948603391647339;
2082000000;-1.3673950433731079;
2088000000;-1.7142322063446045;
2094000000;-2.0234622955322266;
2100000000;-2.2420809268951416;
2106000000;-2.277106761932373;
2112000000;-2.1602318286895752;
2118000000;-1.9571772813796997;
2124000000;-1.722685694694519;
2130000000;-1.6524977684020996;
2136000000;-1.7824954986572266;
2142000000;-2.1664133071899414;
2148000000;-2.6117367744445801;
2154000000;-3.0987658500671387;
2160000000;-3.5073461532592773;
2166000000;-3.8339972496032715;
2172000000;-3.9815497398376465;
2178000000;-4.0999879837036133;
2184000000;-4.0824246406555176;
2190000000;-4.0540971755981445;
2196000000;-4.0915369987487793;
2202000000;-4.1119766235351563;
2208000000;-4.1370949745178223;
2214000000;-4.147130012512207;
2220000000;-4.0582289695739746;
2226000000;-3.9172112941741943;
2232000000;-3.6691877841949463;
2238000000;-3.3637449741363525;
2244000000;-3.0697662830352783;
2250000000;-2.8914251327514648;
2256000000;-2.8651561737060547;
2262000000;-3.0601794719696045;
2268000000;-3.4399402141571045;
2274000000;-3.8415417671203613;
2280000000;-4.1270337104797363;
2286000000;-4.2665596008300781;
2292000000;-4.2240195274353027;
2298000000;-4.0995025634765625;
2304000000;-3.8111991882324219;
2310000000;-3.5113387107849121;
2316000000;-3.3464343547821045;
2322000000;-3.2755181789398193;
2328000000;-3.402637243270874;
2334000000;-3.5573503971099854;
2340000000;-3.650216817855835;
2346000000;-3.6421182155609131;
2352000000;-3.5159168243408203;
2358000000;-3.3128113746643066;
2364000000;-3.1830711364746094;
2370000000;-3.2796683311462402;
2376000000;-3.6643164157867432;
2382000000;-4.3227758407592773;
2388000000;-4.9716687202453613;
2394000000;-5.5066852569580078;
2400000000;-5.853236198425293;
2406000000;-5.9932951927185059;
2412000000;-5.8734230995178223;
2418000000;-5.5535926818847656;
2424000000;-5.0520772933959961;
2430000000;-4.5191860198974609;
2436000000;-4.1229934692382812;
2442000000;-3.8871324062347412;
2448000000;-3.7867143154144287;
2454000000;-3.8017170429229736;
2460000000;-3.7343473434448242;
2466000000;-3.6702654361724854;
2472000000;-3.592207670211792;
2478000000;-3.5526318550109863;
2484000000;-3.7234156131744385;
2490000000;-4.1407904624938965;
2496000000;-4.685422420501709;
2502000000;-5.1715474128723145;
2508000000;-5.590357780456543;
2514000000;-5.7403244972229004;
2520000000;-5.6139388084411621;
2526000000;-5.2985429763793945;
2532000000;-4.7696456909179687;
2538000000;-4.2021737098693848;
2544000000;-3.6985890865325928;
2550000000;-3.3568928241729736;
2556000000;-3.3423681259155273;
2562000000;-3.5084340572357178;
2568000000;-3.7018754482269287;
2574000000;-3.8396971225738525;
2580000000;-3.758786678314209;
2586000000;-3.6233386993408203;
2592000000;-3.3928840160369873;
2598000000;-3.180593729019165;
2604000000;-3.2070217132568359;
2610000000;-3.4077310562133789;
2616000000;-3.7700273990631104;
2622000000;-4.1623201370239258;
2628000000;-4.4566659927368164;
2634000000;-4.6145148277282715;
2640000000;-4.5330486297607422;
2646000000;-4.3126893043518066;
2652000000;-3.9881370067596436;
2658000000;-3.6008450984954834;
2664000000;-3.3731095790863037;
2670000000;-3.3441994190216064;
2676000000;-3.5064246654510498;
2682000000;-3.7452678680419922;
2688000000;-3.9909224510192871;
2694000000;-4.0887060165405273;
2700000000;-4.0873770713806152;
2706000000;-3.9547250270843506;
2712000000;-3.7409036159515381;
2718000000;-3.547499418258667;
2724000000;-3.4012577533721924;
2730000000;-4.0422005653381348;
2736000000;-4.1584820747375488;
2742000000;-4.3857707977294922;
2748000000;-3.9370975494384766;
2754000000;-3.9922990798950195;
2760000000;-3.9352908134460449;
2766000000;-3.7875969409942627;
2772000000;-3.5603692531585693;
2778000000;-3.416374683380127;
2784000000;-3.3690207004547119;
2790000000;-3.4817776679992676;
2796000000;-3.6599512100219727;
2802000000;-3.8055064678192139;
2808000000;-3.9347255229949951;
2814000000;-3.9308838844299316;
2820000000;-3.8338406085968018;
2826000000;-3.6671738624572754;
2832000000;-3.6008548736572266;
2838000000;-3.6507463455200195;
2844000000;-3.8664004802703857;
2850000000;-4.1935505867004395;
2856000000;-4.5531005859375;
2862000000;-4.8031859397888184;
2868000000;-4.9085812568664551;
2874000000;-4.8654766082763672;
2880000000;-4.640632152557373;
2886000000;-4.3540821075439453;
2892000000;-4.0177507400512695;
2898000000;-3.7940969467163086;
2904000000;-3.7620501518249512;
2910000000;-3.8678848743438721;
2916000000;-4.0589957237243652;
2922000000;-4.2137236595153809;
2928000000;-4.2625288963317871;
2934000000;-4.1500678062438965;
2940000000;-3.9273562431335449;
2946000000;-3.6191475391387939;
2952000000;-3.3478188514709473;
2958000000;-3.2109372615814209;
2964000000;-3.2263321876525879;
2970000000;-3.3979120254516602;
2976000000;-3.6295163631439209;
2982000000;-3.7865056991577148;
2988000000;-3.8746089935302734;
2994000000;-3.9009566307067871;
3000000000;-3.8111822605133057;