Type;ESL-3;
Version;1.83 SP4;
Date;15.May 19;
Mode;ANALYZER;
Center Freq;1500000000.000000;Hz
Freq Offset;0.000000;Hz
Span;3000000000.000000;Hz
x-Axis;LIN;
Start;0.000000;Hz
Stop;3000000000.000000;Hz
Ref Level;0.000000;dBm
Level Offset;0.000000;dB
Ref Position;100.000000;%
y-Axis;LOG;
Level Range;100.000000;dB
Rf Att;10.000000;dB
RBW;3000000.000000;Hz
VBW;10000000.000000;Hz
SWT;0.005000;s
Trace Mode;CLR/WRITE;
Detector;SAMPLE;
Sweep Count;0;
Trace 1:;;
x-Unit;Hz;
y-Unit;dBm;
Values;501;
0;-1.1970478296279907;
6000000;-1.687002420425415;
12000000;-1.3321146965026855;
18000000;-1.3620625734329224;
24000000;-1.3651357889175415;
30000000;-1.3806912899017334;
36000000;-1.3566230535507202;
42000000;-1.3565350770950317;
48000000;-1.3593382835388184;
54000000;-1.369299054145813;
60000000;-1.3859448432922363;
66000000;-1.3931707143783569;
72000000;-1.383348822593689;
78000000;-1.3579250574111938;
84000000;-1.3489679098129272;
90000000;-1.3650436401367187;
96000000;-1.4161732196807861;
102000000;-1.4626826047897339;
108000000;-1.5201510190963745;
114000000;-1.5551955699920654;
120000000;-1.5071960687637329;
126000000;-1.4388502836227417;
132000000;-1.3354196548461914;
138000000;-1.2423199415206909;
144000000;-1.184730052947998;
150000000;-1.1786042451858521;
156000000;-1.2013591527938843;
162000000;-1.3088703155517578;
168000000;-1.3491456508636475;
174000000;-1.3314763307571411;
180000000;-1.2663476467132568;
186000000;-1.2010946273803711;
192000000;-1.1518510580062866;
198000000;-1.1651865243911743;
204000000;-1.1908415555953979;
210000000;-1.2135088443756104;
216000000;-1.203912615776062;
222000000;-1.1581591367721558;
228000000;-1.0535682439804077;
234000000;-0.93341064453125;
240000000;-0.81220567226409912;
246000000;-0.73051929473876953;
252000000;-0.70386075973510742;
258000000;-0.90417402982711792;
264000000;-0.99408739805221558;
270000000;-1.0148663520812988;
276000000;-0.98695117235183716;
282000000;-0.91670918464660645;
288000000;-0.84257709980010986;
294000000;-0.79203534126281738;
300000000;-0.7754899263381958;
306000000;-0.78769546747207642;
312000000;-0.79138350486755371;
318000000;-0.76251220703125;
324000000;-0.70627206563949585;
330000000;-0.77368324995040894;
336000000;-0.7777591347694397;
342000000;-0.78321075439453125;
348000000;-0.8090633749961853;
354000000;-0.86100322008132935;
360000000;-0.90438282489776611;
366000000;-0.90692621469497681;
372000000;-0.86426925659179688;
378000000;-0.75821483135223389;
384000000;-0.64684349298477173;
390000000;-0.55480802059173584;
396000000;-0.52145326137542725;
402000000;-0.5775262713432312;
408000000;-0.66048002243041992;
414000000;-0.73557782173156738;
420000000;-0.74803709983825684;
426000000;-0.69816011190414429;
432000000;-0.61811476945877075;
438000000;-0.54179954528808594;
444000000;-0.55038833618164063;
450000000;-0.70177960395812988;
456000000;-0.98626124858856201;
462000000;-1.1948935985565186;
468000000;-1.3067049980163574;
474000000;-1.2883831262588501;
480000000;-1.1592260599136353;
486000000;-0.9770771861076355;
492000000;-0.84626239538192749;
498000000;-0.82403081655502319;
504000000;-0.89832758903503418;
510000000;-1.0423834323883057;
516000000;-1.1576359272003174;
522000000;-1.2139455080032349;
528000000;-1.2067548036575317;
534000000;-1.1734890937805176;
540000000;-1.1699028015136719;
546000000;-1.3139500617980957;
552000000;-1.5227586030960083;
558000000;-1.7554316520690918;
564000000;-1.9025746583938599;
570000000;-1.9295796155929565;
576000000;-1.8050035238265991;
582000000;-1.5923892259597778;
588000000;-1.4034627676010132;
594000000;-1.371873140335083;
600000000;-1.5369222164154053;
606000000;-1.8455651998519897;
612000000;-2.167820930480957;
618000000;-2.4139366149902344;
624000000;-2.6160192489624023;
630000000;-2.6217160224914551;
636000000;-2.4844536781311035;
642000000;-2.2508363723754883;
648000000;-2.1102726459503174;
654000000;-2.0469038486480713;
660000000;-2.0042407512664795;
666000000;-1.9114832878112793;
672000000;-1.7474700212478638;
678000000;-1.5433123111724854;
684000000;-1.4200836420059204;
690000000;-1.5047610998153687;
696000000;-1.8458113670349121;
702000000;-2.4634606838226318;
708000000;-3.0416100025177002;
714000000;-3.4864659309387207;
720000000;-3.7267415523529053;
726000000;-3.7483971118927002;
732000000;-3.5851600170135498;
738000000;-3.2694380283355713;
744000000;-2.9119718074798584;
750000000;-2.5895154476165771;
756000000;-2.2988829612731934;
762000000;-2.1192934513092041;
768000000;-1.9813660383224487;
774000000;-1.9105585813522339;
780000000;-1.9816721677780151;
786000000;-2.279719352722168;
792000000;-2.8648502826690674;
798000000;-3.5687427520751953;
804000000;-4.3077425956726074;
810000000;-4.9180912971496582;
816000000;-5.3340950012207031;
822000000;-5.5251173973083496;
828000000;-5.5054230690002441;
834000000;-5.2265949249267578;
840000000;-4.786137580871582;
846000000;-4.1829009056091309;
852000000;-3.5786056518554687;
858000000;-3.0560128688812256;
864000000;-2.7087287902832031;
870000000;-2.6021585464477539;
876000000;-2.8394296169281006;
882000000;-3.4145846366882324;
888000000;-4.3481540679931641;
894000000;-5.4461636543273926;
900000000;-6.526331901550293;
906000000;-7.4951319694519043;
912000000;-8.2278099060058594;
918000000;-8.6756753921508789;
924000000;-8.8424243927001953;
930000000;-8.6978988647460937;
936000000;-8.2639217376708984;
942000000;-7.5621218681335449;
948000000;-6.7119922637939453;
954000000;-5.8301963806152344;
960000000;-5.1029419898986816;
966000000;-4.7297258377075195;
972000000;-4.8292174339294434;
978000000;-5.3732810020446777;
984000000;-6.3081088066101074;
990000000;-7.4822897911071777;
996000000;-8.7675075531005859;
1002000000;-9.9829673767089844;
1008000000;-10.993953704833984;
1014000000;-11.766254425048828;
1020000000;-12.211822509765625;
1026000000;-12.308183670043945;
1032000000;-12.093097686767578;
1038000000;-11.56441593170166;
1044000000;-10.810361862182617;
1050000000;-9.9667634963989258;
1056000000;-9.1309137344360352;
1062000000;-8.6380348205566406;
1068000000;-8.5478096008300781;
1074000000;-8.9992465972900391;
1080000000;-9.8010826110839844;
1086000000;-10.85785961151123;
1092000000;-12.141646385192871;
1098000000;-13.284420967102051;
1104000000;-14.409238815307617;
1110000000;-15.21743106842041;
1116000000;-15.86311149597168;
1122000000;-16.155529022216797;
1128000000;-16.228469848632812;
1134000000;-15.995492935180664;
1140000000;-15.419741630554199;
1146000000;-14.790950775146484;
1152000000;-14.056791305541992;
1158000000;-13.491888999938965;
1164000000;-13.439872741699219;
1170000000;-13.838116645812988;
1176000000;-14.634495735168457;
1182000000;-15.592914581298828;
1188000000;-16.785591125488281;
1194000000;-17.959762573242187;
1200000000;-19.057125091552734;
1206000000;-20.024593353271484;
1212000000;-20.820859909057617;
1218000000;-21.473245620727539;
1224000000;-21.938716888427734;
1230000000;-21.999935150146484;
1236000000;-21.929510116577148;
1242000000;-21.628208160400391;
1248000000;-21.22113037109375;
1254000000;-20.626726150512695;
1260000000;-20.03721809387207;
1266000000;-19.675458908081055;
1272000000;-19.542219161987305;
1278000000;-19.818511962890625;
1284000000;-20.280158996582031;
1290000000;-20.85035514831543;
1296000000;-21.423717498779297;
1302000000;-21.998226165771484;
1308000000;-22.600290298461914;
1314000000;-23.185148239135742;
1320000000;-23.677064895629883;
1326000000;-23.887775421142578;
1332000000;-24.288173675537109;
1338000000;-24.431173324584961;
1344000000;-24.420675277709961;
1350000000;-24.341657638549805;
1356000000;-23.824146270751953;
1362000000;-23.827875137329102;
1368000000;-24.057559967041016;
1374000000;-24.627706527709961;
1380000000;-25.333911895751953;
1386000000;-26.144189834594727;
1392000000;-27.008502960205078;
1398000000;-27.583282470703125;
1404000000;-28.014741897583008;
1410000000;-28.471113204956055;
1416000000;-28.712554931640625;
1422000000;-28.716892242431641;
1428000000;-28.846412658691406;
1434000000;-28.96626091003418;
1440000000;-29.007236480712891;
1446000000;-28.843112945556641;
1452000000;-28.757266998291016;
1458000000;-28.212825775146484;
1464000000;-28.019929885864258;
1470000000;-27.777799606323242;
1476000000;-27.817934036254883;
1482000000;-28.373737335205078;
1488000000;-29.197299957275391;
1494000000;-29.953269958496094;
1500000000;-30.875505447387695;
1506000000;-31.552152633666992;
1512000000;-32.030170440673828;
1518000000;-32.326198577880859;
1524000000;-32.51495361328125;
1530000000;-32.867561340332031;
1536000000;-32.990936279296875;
1542000000;-32.834968566894531;
1548000000;-32.987537384033203;
1554000000;-33.006362915039063;
1560000000;-32.924476623535156;
1566000000;-32.782444000244141;
1572000000;-32.471237182617187;
1578000000;-32.678318023681641;
1584000000;-33.247856140136719;
1590000000;-33.612010955810547;
1596000000;-34.182933807373047;
1602000000;-35.407840728759766;
1608000000;-36.145545959472656;
1614000000;-36.553619384765625;
1620000000;-36.879268646240234;
1626000000;-37.136093139648438;
1632000000;-37.176467895507812;
1638000000;-37.151859283447266;
1644000000;-37.392917633056641;
1650000000;-36.661800384521484;
1656000000;-36.206485748291016;
1662000000;-35.550636291503906;
1668000000;-34.720592498779297;
1674000000;-34.066177368164063;
1680000000;-33.449016571044922;
1686000000;-33.180419921875;
1692000000;-33.79681396484375;
1698000000;-34.714332580566406;
1704000000;-35.835872650146484;
1710000000;-37.044898986816406;
1716000000;-38.201251983642578;
1722000000;-39.514629364013672;
1728000000;-39.872512817382812;
1734000000;-40.860828399658203;
1740000000;-40.851554870605469;
1746000000;-41.361488342285156;
1752000000;-41.608589172363281;
1758000000;-41.871047973632813;
1764000000;-40.920032501220703;
1770000000;-40.604808807373047;
1776000000;-39.707748413085938;
1782000000;-38.330329895019531;
1788000000;-37.188194274902344;
1794000000;-37.058769226074219;
1800000000;-37.526115417480469;
1806000000;-38.251590728759766;
1812000000;-39.137935638427734;
1818000000;-39.861881256103516;
1824000000;-41.334228515625;
1830000000;-42.612209320068359;
1836000000;-42.733959197998047;
1842000000;-43.294872283935547;
1848000000;-43.337364196777344;
1854000000;-43.868843078613281;
1860000000;-44.153354644775391;
1866000000;-43.629669189453125;
1872000000;-42.632564544677734;
1878000000;-41.182804107666016;
1884000000;-39.673812866210937;
1890000000;-38.121402740478516;
1896000000;-37.97540283203125;
1902000000;-37.845748901367188;
1908000000;-38.759201049804688;
1914000000;-39.392349243164063;
1920000000;-40.760856628417969;
1926000000;-41.360404968261719;
1932000000;-42.392578125;
1938000000;-42.580104827880859;
1944000000;-43.854442596435547;
1950000000;-44.431293487548828;
1956000000;-44.431148529052734;
1962000000;-44.695335388183594;
1968000000;-44.402198791503906;
1974000000;-43.936874389648437;
1980000000;-43.296878814697266;
1986000000;-42.156425476074219;
1992000000;-41.483634948730469;
1998000000;-40.485099792480469;
2004000000;-39.935050964355469;
2010000000;-40.492580413818359;
2016000000;-42.501541137695313;
2022000000;-42.373394012451172;
2028000000;-45.012676239013672;
2034000000;-44.734714508056641;
2040000000;-45.388778686523438;
2046000000;-47.283226013183594;
2052000000;-46.969100952148438;
2058000000;-47.048980712890625;
2064000000;-49.152439117431641;
2070000000;-46.148056030273438;
2076000000;-47.901706695556641;
2082000000;-47.606056213378906;
2088000000;-48.600078582763672;
2094000000;-46.451389312744141;
2100000000;-46.069206237792969;
2106000000;-46.913928985595703;
2112000000;-46.459396362304687;
2118000000;-46.903705596923828;
2124000000;-48.837699890136719;
2130000000;-50.28204345703125;
2136000000;-51.44940185546875;
2142000000;-48.140411376953125;
2148000000;-51.079818725585938;
2154000000;-50.835784912109375;
2160000000;-49.505096435546875;
2166000000;-49.469409942626953;
2172000000;-48.800590515136719;
2178000000;-51.424938201904297;
2184000000;-53.440750122070313;
2190000000;-51.102767944335938;
2196000000;-50.140476226806641;
2202000000;-49.781852722167969;
2208000000;-48.515556335449219;
2214000000;-48.102836608886719;
2220000000;-47.758853912353516;
2226000000;-46.250267028808594;
2232000000;-48.243350982666016;
2238000000;-48.802932739257813;
2244000000;-51.121204376220703;
2250000000;-52.271408081054688;
2256000000;-49.945911407470703;
2262000000;-53.001209259033203;
2268000000;-51.452804565429688;
2274000000;-51.824691772460937;
2280000000;-50.938377380371094;
2286000000;-54.434116363525391;
2292000000;-52.128932952880859;
2298000000;-51.463531494140625;
2304000000;-49.806217193603516;
2310000000;-49.144515991210937;
2316000000;-48.488857269287109;
2322000000;-47.524993896484375;
2328000000;-47.469425201416016;
2334000000;-47.145263671875;
2340000000;-49.20361328125;
2346000000;-49.810123443603516;
2352000000;-53.067619323730469;
2358000000;-52.323314666748047;
2364000000;-55.484893798828125;
2370000000;-57.69842529296875;
2376000000;-57.679225921630859;
2382000000;-57.530288696289063;
2388000000;-56.2430419921875;
2394000000;-57.704322814941406;
2400000000;-55.07366943359375;
2406000000;-54.978511810302734;
2412000000;-54.492038726806641;
2418000000;-51.772415161132812;
2424000000;-48.676822662353516;
2430000000;-47.645347595214844;
2436000000;-46.96197509765625;
2442000000;-47.070594787597656;
2448000000;-49.212043762207031;
2454000000;-51.281085968017578;
2460000000;-51.717418670654297;
2466000000;-52.318744659423828;
2472000000;-53.610420227050781;
2478000000;-56.795310974121094;
2484000000;-57.497703552246094;
2490000000;-54.723598480224609;
2496000000;-54.266059875488281;
2502000000;-53.517417907714844;
2508000000;-53.008693695068359;
2514000000;-51.671722412109375;
2520000000;-49.282646179199219;
2526000000;-46.422603607177734;
2532000000;-45.157989501953125;
2538000000;-44.494537353515625;
2544000000;-44.614021301269531;
2550000000;-45.358108520507813;
2556000000;-48.562141418457031;
2562000000;-49.073799133300781;
2568000000;-50.503715515136719;
2574000000;-50.650356292724609;
2580000000;-50.415328979492187;
2586000000;-53.357997894287109;
2592000000;-53.615436553955078;
2598000000;-55.319465637207031;
2604000000;-52.108833312988281;
2610000000;-53.652667999267578;
2616000000;-48.683212280273438;
2622000000;-48.396427154541016;
2628000000;-47.606616973876953;
2634000000;-45.768291473388672;
2640000000;-45.145828247070313;
2646000000;-44.796962738037109;
2652000000;-44.175899505615234;
2658000000;-44.460647583007813;
2664000000;-44.959072113037109;
2670000000;-45.415927886962891;
2676000000;-47.398227691650391;
2682000000;-46.742778778076172;
2688000000;-46.163925170898438;
2694000000;-46.260818481445313;
2700000000;-47.28106689453125;
2706000000;-46.892333984375;
2712000000;-46.772998809814453;
2718000000;-45.612262725830078;
2724000000;-44.641201019287109;
2730000000;-46.102333068847656;
2736000000;-44.16815185546875;
2742000000;-43.300426483154297;
2748000000;-42.120758056640625;
2754000000;-40.603546142578125;
2760000000;-40.134254455566406;
2766000000;-39.163494110107422;
2772000000;-39.340938568115234;
2778000000;-38.58880615234375;
2784000000;-38.117652893066406;
2790000000;-37.960273742675781;
2796000000;-37.605182647705078;
2802000000;-37.135433197021484;
2808000000;-37.355804443359375;
2814000000;-36.882293701171875;
2820000000;-36.05816650390625;
2826000000;-35.643547058105469;
2832000000;-34.774513244628906;
2838000000;-33.547100067138672;
2844000000;-32.337963104248047;
2850000000;-31.077436447143555;
2856000000;-29.801816940307617;
2862000000;-28.886785507202148;
2868000000;-28.307531356811523;
2874000000;-28.22606086730957;
2880000000;-28.429412841796875;
2886000000;-28.941898345947266;
2892000000;-29.550277709960937;
2898000000;-29.891679763793945;
2904000000;-30.455617904663086;
2910000000;-31.440902709960938;
2916000000;-32.688980102539063;
2922000000;-33.812328338623047;
2928000000;-35.122825622558594;
2934000000;-35.884525299072266;
2940000000;-36.6953125;
2946000000;-37.685531616210938;
2952000000;-38.183765411376953;
2958000000;-38.523143768310547;
2964000000;-38.761802673339844;
2970000000;-39.445758819580078;
2976000000;-39.500198364257813;
2982000000;-38.979080200195313;
2988000000;-39.457134246826172;
2994000000;-39.187286376953125;
3000000000;-39.242012023925781;
