Type;ESL-3;
Version;1.83 SP4;
Date;28.May 19;
Mode;ANALYZER;
Center Freq;1500000000.000000;Hz
Freq Offset;0.000000;Hz
Span;3000000000.000000;Hz
x-Axis;LIN;
Start;0.000000;Hz
Stop;3000000000.000000;Hz
Ref Level;0.000000;dBm
Level Offset;0.000000;dB
Ref Position;100.000000;%
y-Axis;LOG;
Level Range;100.000000;dB
Rf Att;10.000000;dB
RBW;3000000.000000;Hz
VBW;10000000.000000;Hz
SWT;0.005000;s
Trace Mode;CLR/WRITE;
Detector;SAMPLE;
Sweep Count;0;
Trace 1:;;
x-Unit;Hz;
y-Unit;dB;
Values;501;
0;-0.045453071594238281;
6000000;0.247231125831604;
12000000;-0.11395418643951416;
18000000;-0.11610603332519531;
24000000;-0.12755393981933594;
30000000;-0.13861668109893799;
36000000;-0.12852835655212402;
42000000;-0.12641036510467529;
48000000;-0.12101197242736816;
54000000;-0.099921822547912598;
60000000;-0.081526517868041992;
66000000;-0.06094658374786377;
72000000;-0.03972315788269043;
78000000;-0.04183042049407959;
84000000;-0.094686150550842285;
90000000;-0.23638200759887695;
96000000;-0.38602757453918457;
102000000;-0.51082777976989746;
108000000;-0.58396339416503906;
114000000;-0.60100996494293213;
120000000;-0.53770959377288818;
126000000;-0.4071735143661499;
132000000;-0.29249143600463867;
138000000;-0.19263136386871338;
144000000;-0.15528953075408936;
150000000;-0.16616177558898926;
156000000;-0.19546216726303101;
162000000;-0.18208992481231689;
168000000;-0.14327752590179443;
174000000;-0.085845589637756348;
180000000;-0.062482953071594238;
186000000;-0.10559570789337158;
192000000;-0.24669885635375977;
198000000;-0.45110750198364258;
204000000;-0.64219939708709717;
210000000;-0.77451419830322266;
216000000;-0.8211321234703064;
222000000;-0.76002830266952515;
228000000;-0.59915906190872192;
234000000;-0.42102992534637451;
240000000;-0.25367319583892822;
246000000;-0.17423355579376221;
252000000;-0.15853887796401978;
258000000;-0.20438128709793091;
264000000;-0.26865804195404053;
270000000;-0.29400062561035156;
276000000;-0.28992342948913574;
282000000;-0.26188182830810547;
288000000;-0.25046676397323608;
294000000;-0.27792203426361084;
300000000;-0.34625387191772461;
306000000;-0.43052977323532104;
312000000;-0.50327515602111816;
318000000;-0.52915513515472412;
324000000;-0.48897695541381836;
330000000;-0.39585974812507629;
336000000;-0.29547739028930664;
342000000;-0.21994012594223022;
348000000;-0.20824134349822998;
354000000;-0.28316086530685425;
360000000;-0.34988677501678467;
366000000;-0.42295593023300171;
372000000;-0.43803131580352783;
378000000;-0.41545701026916504;
384000000;-0.34835109114646912;
390000000;-0.27666032314300537;
396000000;-0.23716056346893311;
402000000;-0.23061972856521606;
408000000;-0.26696711778640747;
414000000;-0.30941390991210938;
420000000;-0.35642313957214355;
426000000;-0.39528670907020569;
432000000;-0.4370395839214325;
438000000;-0.50672292709350586;
444000000;-0.58895838260650635;
450000000;-0.6655733585357666;
456000000;-0.68304336071014404;
462000000;-0.63454651832580566;
468000000;-0.55965656042098999;
474000000;-0.46899569034576416;
480000000;-0.41085940599441528;
486000000;-0.43662247061729431;
492000000;-0.56418871879577637;
498000000;-0.7225649356842041;
504000000;-0.84025180339813232;
510000000;-0.86263346672058105;
516000000;-0.7920878529548645;
522000000;-0.66969311237335205;
528000000;-0.53751254081726074;
534000000;-0.47928321361541748;
540000000;-0.55010181665420532;
546000000;-0.73382967710494995;
552000000;-0.86230510473251343;
558000000;-0.90025681257247925;
564000000;-0.77144169807434082;
570000000;-0.53736418485641479;
576000000;-0.31876224279403687;
582000000;-0.25261038541793823;
588000000;-0.42217278480529785;
594000000;-0.79161167144775391;
600000000;-1.2146825790405273;
606000000;-1.5111782550811768;
612000000;-1.5597693920135498;
618000000;-1.3227149248123169;
624000000;-0.88530957698822021;
630000000;-0.44677078723907471;
636000000;-0.15160322189331055;
642000000;-0.11126589775085449;
648000000;-0.38114690780639648;
654000000;-0.74961280822753906;
660000000;-1.0597996711730957;
666000000;-1.1612851619720459;
672000000;-1.021115779876709;
678000000;-0.68112665414810181;
684000000;-0.37077033519744873;
690000000;-0.22358477115631104;
696000000;-0.29891639947891235;
702000000;-0.58337104320526123;
708000000;-0.85396713018417358;
714000000;-1.0195802450180054;
720000000;-1.0482544898986816;
726000000;-0.9414258599281311;
732000000;-0.79687696695327759;
738000000;-0.72668933868408203;
744000000;-0.8071894645690918;
750000000;-0.97341823577880859;
756000000;-1.1831527948379517;
762000000;-1.3389124870300293;
768000000;-1.3824951648712158;
774000000;-1.3055539131164551;
780000000;-1.10597825050354;
786000000;-0.89999866485595703;
792000000;-0.7148284912109375;
798000000;-0.58824813365936279;
804000000;-0.53022587299346924;
810000000;-0.49995672702789307;
816000000;-0.54622888565063477;
822000000;-0.69434535503387451;
828000000;-0.97424691915512085;
834000000;-1.2690916061401367;
840000000;-1.6014671325683594;
846000000;-1.7761023044586182;
852000000;-1.7751815319061279;
858000000;-1.5850489139556885;
864000000;-1.318861722946167;
870000000;-1.0601603984832764;
876000000;-0.98749184608459473;
882000000;-1.1931037902832031;
888000000;-1.6644982099533081;
894000000;-2.1972599029541016;
900000000;-2.5274357795715332;
906000000;-2.5092184543609619;
912000000;-2.1803655624389648;
918000000;-1.6788090467453003;
924000000;-1.2018451690673828;
930000000;-0.91733622550964355;
936000000;-1.0369453430175781;
942000000;-1.5463900566101074;
948000000;-2.2618565559387207;
954000000;-3.0035839080810547;
960000000;-3.7337379455566406;
966000000;-4.5141773223876953;
972000000;-5.3378615379333496;
978000000;-6.2188115119934082;
984000000;-7.1166782379150391;
990000000;-7.9568185806274414;
996000000;-8.6525154113769531;
1002000000;-9.112396240234375;
1008000000;-9.2782955169677734;
1014000000;-9.1151876449584961;
1020000000;-8.7603158950805664;
1026000000;-8.4804286956787109;
1032000000;-8.5295829772949219;
1038000000;-8.9807329177856445;
1044000000;-9.7263259887695312;
1050000000;-10.709357261657715;
1056000000;-11.871706962585449;
1062000000;-12.947648048400879;
1068000000;-14.377819061279297;
1074000000;-15.432947158813477;
1080000000;-16.272960662841797;
1086000000;-16.865701675415039;
1092000000;-17.24470329284668;
1098000000;-17.517173767089844;
1104000000;-17.628707885742188;
1110000000;-17.733392715454102;
1116000000;-17.816770553588867;
1122000000;-17.969436645507813;
1128000000;-18.321710586547852;
1134000000;-18.70890998840332;
1140000000;-19.310590744018555;
1146000000;-19.860466003417969;
1152000000;-20.450931549072266;
1158000000;-21.121734619140625;
1164000000;-21.923511505126953;
1170000000;-22.870731353759766;
1176000000;-23.774341583251953;
1182000000;-24.500665664672852;
1188000000;-25.006542205810547;
1194000000;-25.345729827880859;
1200000000;-25.390962600708008;
1206000000;-25.399749755859375;
1212000000;-25.117023468017578;
1218000000;-24.870550155639648;
1224000000;-24.695350646972656;
1230000000;-24.907102584838867;
1236000000;-25.179950714111328;
1242000000;-25.796632766723633;
1248000000;-26.265935897827148;
1254000000;-26.786727905273438;
1260000000;-27.440700531005859;
1266000000;-27.652162551879883;
1272000000;-28.180646896362305;
1278000000;-28.583709716796875;
1284000000;-28.886072158813477;
1290000000;-29.387670516967773;
1296000000;-29.901834487915039;
1302000000;-30.122081756591797;
1308000000;-30.144041061401367;
1314000000;-30.081825256347656;
1320000000;-29.897943496704102;
1326000000;-29.839984893798828;
1332000000;-30.029153823852539;
1338000000;-30.407136917114258;
1344000000;-31.469396591186523;
1350000000;-32.727409362792969;
1356000000;-33.747352600097656;
1362000000;-35.095020294189453;
1368000000;-35.898582458496094;
1374000000;-36.489070892333984;
1380000000;-36.72283935546875;
1386000000;-37.058036804199219;
1392000000;-36.561676025390625;
1398000000;-36.454540252685547;
1404000000;-36.181304931640625;
1410000000;-35.966552734375;
1416000000;-35.522804260253906;
1422000000;-34.716373443603516;
1428000000;-34.623706817626953;
1434000000;-34.027359008789063;
1440000000;-33.993221282958984;
1446000000;-34.613418579101563;
1452000000;-35.670986175537109;
1458000000;-36.513137817382813;
1464000000;-37.312595367431641;
1470000000;-39.105197906494141;
1476000000;-41.625823974609375;
1482000000;-40.789409637451172;
1488000000;-41.521919250488281;
1494000000;-41.671043395996094;
1500000000;-41.461833953857422;
1506000000;-41.896530151367188;
1512000000;-41.1290283203125;
1518000000;-41.335651397705078;
1524000000;-40.126392364501953;
1530000000;-39.685226440429688;
1536000000;-40.129619598388672;
1542000000;-39.620208740234375;
1548000000;-39.711681365966797;
1554000000;-41.228706359863281;
1560000000;-41.488349914550781;
1566000000;-43.287647247314453;
1572000000;-44.072441101074219;
1578000000;-44.284629821777344;
1584000000;-45.992290496826172;
1590000000;-45.540500640869141;
1596000000;-47.181980133056641;
1602000000;-45.805587768554688;
1608000000;-46.816360473632812;
1614000000;-46.757633209228516;
1620000000;-45.4365234375;
1626000000;-45.241146087646484;
1632000000;-43.816387176513672;
1638000000;-43.993968963623047;
1644000000;-42.775421142578125;
1650000000;-42.459220886230469;
1656000000;-42.691104888916016;
1662000000;-42.644084930419922;
1668000000;-43.695140838623047;
1674000000;-43.760993957519531;
1680000000;-45.234226226806641;
1686000000;-46.358036041259766;
1692000000;-46.245365142822266;
1698000000;-48.584495544433594;
1704000000;-47.782844543457031;
1710000000;-47.865337371826172;
1716000000;-50.121307373046875;
1722000000;-49.834068298339844;
1728000000;-49.926834106445313;
1734000000;-52.029636383056641;
1740000000;-52.725975036621094;
1746000000;-50.3223876953125;
1752000000;-49.194755554199219;
1758000000;-48.048110961914063;
1764000000;-49.113834381103516;
1770000000;-47.339771270751953;
1776000000;-47.595111846923828;
1782000000;-50.288433074951172;
1788000000;-50.832572937011719;
1794000000;-53.034126281738281;
1800000000;-50.725326538085938;
1806000000;-54.278999328613281;
1812000000;-54.714309692382812;
1818000000;-54.0350341796875;
1824000000;-55.602317810058594;
1830000000;-54.595897674560547;
1836000000;-53.848293304443359;
1842000000;-53.454292297363281;
1848000000;-54.971805572509766;
1854000000;-50.867240905761719;
1860000000;-51.337146759033203;
1866000000;-53.253376007080078;
1872000000;-47.6654052734375;
1878000000;-49.137008666992188;
1884000000;-48.147434234619141;
1890000000;-49.52960205078125;
1896000000;-52.0335693359375;
1902000000;-51.025508880615234;
1908000000;-53.994052886962891;
1914000000;-56.166603088378906;
1920000000;-55.554801940917969;
1926000000;-57.916015625;
1932000000;-62.272991180419922;
1938000000;-53.832748413085937;
1944000000;-55.088943481445313;
1950000000;-57.425281524658203;
1956000000;-52.835842132568359;
1962000000;-53.647834777832031;
1968000000;-51.281990051269531;
1974000000;-53.349109649658203;
1980000000;-54.828353881835938;
1986000000;-56.781753540039063;
1992000000;-55.726692199707031;
1998000000;-76.480010986328125;
2004000000;-71.625160217285156;
2010000000;-62.76519775390625;
2016000000;-58.38397216796875;
2022000000;-77.938941955566406;
2028000000;-59.286148071289063;
2034000000;-61.872409820556641;
2040000000;-56.488697052001953;
2046000000;-54.911930084228516;
2052000000;-61.086288452148437;
2058000000;-57.136890411376953;
2064000000;-57.175445556640625;
2070000000;-59.013015747070313;
2076000000;-61.210330963134766;
2082000000;-60.585491180419922;
2088000000;-60.122314453125;
2094000000;-69.815299987792969;
2100000000;-66.177879333496094;
2106000000;-61.382061004638672;
2112000000;-65.179733276367187;
2118000000;-56.698638916015625;
2124000000;-65.823173522949219;
2130000000;-62.164600372314453;
2136000000;-55.654277801513672;
2142000000;-58.091323852539063;
2148000000;-60.642650604248047;
2154000000;-58.231227874755859;
2160000000;-53.503684997558594;
2166000000;-76.281463623046875;
2172000000;-55.874614715576172;
2178000000;-69.899078369140625;
2184000000;-57.933422088623047;
2190000000;-51.368782043457031;
2196000000;-53.449516296386719;
2202000000;-51.488636016845703;
2208000000;-53.353958129882813;
2214000000;-56.369140625;
2220000000;-52.520801544189453;
2226000000;-62.060943603515625;
2232000000;-60.64556884765625;
2238000000;-68.802993774414063;
2244000000;-58.877517700195313;
2250000000;-64.837020874023438;
2256000000;-56.888278961181641;
2262000000;-56.930912017822266;
2268000000;-60.882965087890625;
2274000000;-49.936439514160156;
2280000000;-53.921348571777344;
2286000000;-53.936641693115234;
2292000000;-48.9376220703125;
2298000000;-49.765033721923828;
2304000000;-50.256874084472656;
2310000000;-52.431827545166016;
2316000000;-53.754241943359375;
2322000000;-54.389358520507813;
2328000000;-57.638511657714844;
2334000000;-64.093231201171875;
2340000000;-60.515132904052734;
2346000000;-59.42242431640625;
2352000000;-54.380146026611328;
2358000000;-58.788562774658203;
2364000000;-56.751449584960937;
2370000000;-51.732429504394531;
2376000000;-53.385726928710938;
2382000000;-52.416885375976563;
2388000000;-49.53179931640625;
2394000000;-46.930385589599609;
2400000000;-49.124473571777344;
2406000000;-45.159797668457031;
2412000000;-46.874973297119141;
2418000000;-49.512401580810547;
2424000000;-49.341396331787109;
2430000000;-47.282596588134766;
2436000000;-52.174922943115234;
2442000000;-51.926292419433594;
2448000000;-51.38323974609375;
2454000000;-52.6378173828125;
2460000000;-46.077995300292969;
2466000000;-50.1737060546875;
2472000000;-48.925693511962891;
2478000000;-48.118736267089844;
2484000000;-49.422298431396484;
2490000000;-48.325752258300781;
2496000000;-46.893997192382813;
2502000000;-48.554283142089844;
2508000000;-46.815780639648437;
2514000000;-47.023735046386719;
2520000000;-45.436222076416016;
2526000000;-46.598045349121094;
2532000000;-48.593299865722656;
2538000000;-46.767204284667969;
2544000000;-47.294349670410156;
2550000000;-47.771713256835938;
2556000000;-47.543498992919922;
2562000000;-46.835350036621094;
2568000000;-48.129398345947266;
2574000000;-47.934268951416016;
2580000000;-46.581611633300781;
2586000000;-45.796699523925781;
2592000000;-48.671092987060547;
2598000000;-48.502109527587891;
2604000000;-47.932228088378906;
2610000000;-46.247264862060547;
2616000000;-46.030319213867188;
2622000000;-45.12689208984375;
2628000000;-45.293994903564453;
2634000000;-45.904457092285156;
2640000000;-46.021636962890625;
2646000000;-45.182968139648438;
2652000000;-46.33563232421875;
2658000000;-45.984916687011719;
2664000000;-44.812019348144531;
2670000000;-44.496242523193359;
2676000000;-43.73089599609375;
2682000000;-44.338901519775391;
2688000000;-44.281795501708984;
2694000000;-44.083908081054688;
2700000000;-44.961532592773438;
2706000000;-43.207126617431641;
2712000000;-42.745399475097656;
2718000000;-42.471256256103516;
2724000000;-42.847412109375;
2730000000;-43.253005981445313;
2736000000;-45.088207244873047;
2742000000;-45.435398101806641;
2748000000;-45.918022155761719;
2754000000;-46.886066436767578;
2760000000;-46.685317993164062;
2766000000;-45.849086761474609;
2772000000;-49.6046142578125;
2778000000;-46.912399291992188;
2784000000;-45.638751983642578;
2790000000;-44.505020141601563;
2796000000;-42.794460296630859;
2802000000;-41.511482238769531;
2808000000;-40.101459503173828;
2814000000;-39.716381072998047;
2820000000;-38.6578369140625;
2826000000;-37.961940765380859;
2832000000;-38.394828796386719;
2838000000;-39.092144012451172;
2844000000;-39.652339935302734;
2850000000;-40.791561126708984;
2856000000;-42.352584838867188;
2862000000;-42.534458160400391;
2868000000;-42.645000457763672;
2874000000;-41.949371337890625;
2880000000;-42.490287780761719;
2886000000;-42.145702362060547;
2892000000;-41.280921936035156;
2898000000;-39.959156036376953;
2904000000;-38.153697967529297;
2910000000;-37.335433959960938;
2916000000;-35.446819305419922;
2922000000;-35.240261077880859;
2928000000;-34.500484466552734;
2934000000;-35.380817413330078;
2940000000;-35.972103118896484;
2946000000;-37.069103240966797;
2952000000;-38.389358520507812;
2958000000;-38.973682403564453;
2964000000;-40.234535217285156;
2970000000;-40.689178466796875;
2976000000;-42.129425048828125;
2982000000;-41.352169036865234;
2988000000;-40.859279632568359;
2994000000;-41.898048400878906;
3000000000;-41.122760772705078;
