Type;ESL-3;
Version;1.83 SP4;
Date;15.May 19;
Mode;ANALYZER;
Center Freq;1500000000.000000;Hz
Freq Offset;0.000000;Hz
Span;3000000000.000000;Hz
x-Axis;LIN;
Start;0.000000;Hz
Stop;3000000000.000000;Hz
Ref Level;0.000000;dBm
Level Offset;0.000000;dB
Ref Position;100.000000;%
y-Axis;LOG;
Level Range;100.000000;dB
Rf Att;10.000000;dB
RBW;3000000.000000;Hz
VBW;10000000.000000;Hz
SWT;0.005000;s
Trace Mode;CLR/WRITE;
Detector;SAMPLE;
Sweep Count;0;
Trace 1:;;
x-Unit;Hz;
y-Unit;dBm;
Values;501;
0;-1.0933144092559814;
6000000;-1.584280252456665;
12000000;-1.205377459526062;
18000000;-1.231964111328125;
24000000;-1.2402819395065308;
30000000;-1.2653732299804688;
36000000;-1.2416495084762573;
42000000;-1.2362508773803711;
48000000;-1.2164747714996338;
54000000;-1.2117644548416138;
60000000;-1.2214499711990356;
66000000;-1.2367894649505615;
72000000;-1.2408555746078491;
78000000;-1.2250176668167114;
84000000;-1.2065905332565308;
90000000;-1.2010568380355835;
96000000;-1.2041878700256348;
102000000;-1.2479923963546753;
108000000;-1.3061950206756592;
114000000;-1.3749302625656128;
120000000;-1.4017634391784668;
126000000;-1.3915678262710571;
132000000;-1.3278039693832397;
138000000;-1.2340707778930664;
144000000;-1.1045960187911987;
150000000;-1.0107986927032471;
156000000;-0.96136486530303955;
162000000;-1.0154063701629639;
168000000;-1.0738555192947388;
174000000;-1.1024014949798584;
180000000;-1.0869804620742798;
186000000;-1.0242624282836914;
192000000;-0.9445720911026001;
198000000;-0.88024234771728516;
204000000;-0.84533339738845825;
210000000;-0.86255967617034912;
216000000;-0.90540999174118042;
222000000;-0.95357650518417358;
228000000;-0.9790465235710144;
234000000;-0.96152198314666748;
240000000;-0.89560574293136597;
246000000;-0.77692544460296631;
252000000;-0.65347093343734741;
258000000;-0.71833658218383789;
264000000;-0.69598501920700073;
270000000;-0.68151187896728516;
276000000;-0.65792161226272583;
282000000;-0.63420528173446655;
288000000;-0.59275031089782715;
294000000;-0.54848605394363403;
300000000;-0.50273853540420532;
306000000;-0.4764094352722168;
312000000;-0.48648789525032043;
318000000;-0.53294849395751953;
324000000;-0.6068272590637207;
330000000;-0.83639013767242432;
336000000;-0.94077134132385254;
342000000;-0.95519745349884033;
348000000;-0.88788634538650513;
354000000;-0.72704195976257324;
360000000;-0.55197334289550781;
366000000;-0.40814444422721863;
372000000;-0.31863600015640259;
378000000;-0.28157636523246765;
384000000;-0.29225784540176392;
390000000;-0.31846606731414795;
396000000;-0.31612586975097656;
402000000;-0.29904001951217651;
408000000;-0.27739208936691284;
414000000;-0.27818873524665833;
420000000;-0.33626645803451538;
426000000;-0.45214506983757019;
432000000;-0.61120498180389404;
438000000;-0.78248423337936401;
444000000;-0.89117079973220825;
450000000;-0.90656059980392456;
456000000;-0.97081124782562256;
462000000;-0.82962554693222046;
468000000;-0.63922983407974243;
474000000;-0.49707207083702087;
480000000;-0.44780102372169495;
486000000;-0.49835747480392456;
492000000;-0.60521167516708374;
498000000;-0.68382114171981812;
504000000;-0.72677767276763916;
510000000;-0.7080836296081543;
516000000;-0.65174996852874756;
522000000;-0.59909164905548096;
528000000;-0.626697838306427;
534000000;-0.73508268594741821;
540000000;-0.91184622049331665;
546000000;-1.1381012201309204;
552000000;-1.2944203615188599;
558000000;-1.3037115335464478;
564000000;-1.1911025047302246;
570000000;-0.98595905303955078;
576000000;-0.78887182474136353;
582000000;-0.70177018642425537;
588000000;-0.76950556039810181;
594000000;-0.98448342084884644;
600000000;-1.2126874923706055;
606000000;-1.3945353031158447;
612000000;-1.476995587348938;
618000000;-1.428112268447876;
624000000;-1.3581585884094238;
630000000;-1.184911847114563;
636000000;-1.0084216594696045;
642000000;-0.86710989475250244;
648000000;-0.88767796754837036;
654000000;-1.0031510591506958;
660000000;-1.0773721933364868;
666000000;-1.064728856086731;
672000000;-0.95369601249694824;
678000000;-0.7786182165145874;
684000000;-0.63213330507278442;
690000000;-0.60540777444839478;
696000000;-0.73096948862075806;
702000000;-1.0675913095474243;
708000000;-1.3673652410507202;
714000000;-1.5614093542098999;
720000000;-1.6050570011138916;
726000000;-1.5079864263534546;
732000000;-1.2964367866516113;
738000000;-1.0346682071685791;
744000000;-0.80758571624755859;
750000000;-0.73258590698242188;
756000000;-0.77158212661743164;
762000000;-0.89170384407043457;
768000000;-0.99727660417556763;
774000000;-1.0417354106903076;
780000000;-1.0103558301925659;
786000000;-0.91200757026672363;
792000000;-0.80438923835754395;
798000000;-0.76976484060287476;
804000000;-0.82934468984603882;
810000000;-0.99112123250961304;
816000000;-1.1832314729690552;
822000000;-1.3390243053436279;
828000000;-1.4508908987045288;
834000000;-1.4152106046676636;
840000000;-1.3245848417282104;
846000000;-1.2103650569915771;
852000000;-1.1720335483551025;
858000000;-1.2644753456115723;
864000000;-1.4820894002914429;
870000000;-1.7645140886306763;
876000000;-2.0305740833282471;
882000000;-2.1802670955657959;
888000000;-2.1862881183624268;
894000000;-2.054171085357666;
900000000;-1.8258041143417358;
906000000;-1.5663151741027832;
912000000;-1.3814146518707275;
918000000;-1.3300272226333618;
924000000;-1.4017179012298584;
930000000;-1.5324147939682007;
936000000;-1.6253097057342529;
942000000;-1.6054204702377319;
948000000;-1.4980354309082031;
954000000;-1.3821631669998169;
960000000;-1.350582480430603;
966000000;-1.5251446962356567;
972000000;-1.886879563331604;
978000000;-2.3543086051940918;
984000000;-2.7793786525726318;
990000000;-3.0763978958129883;
996000000;-3.1595616340637207;
1002000000;-3.0258965492248535;
1008000000;-2.7806344032287598;
1014000000;-2.3627631664276123;
1020000000;-1.9613455533981323;
1026000000;-1.672194242477417;
1032000000;-1.5583586692810059;
1038000000;-1.5818591117858887;
1044000000;-1.644025444984436;
1050000000;-1.6945655345916748;
1056000000;-1.7333612442016602;
1062000000;-1.8010997772216797;
1068000000;-2.0912637710571289;
1074000000;-2.5522975921630859;
1080000000;-3.0929725170135498;
1086000000;-3.6366062164306641;
1092000000;-4.0817346572875977;
1098000000;-4.307621955871582;
1104000000;-4.317471981048584;
1110000000;-4.1246109008789062;
1116000000;-3.7490789890289307;
1122000000;-3.2742726802825928;
1128000000;-2.8418684005737305;
1134000000;-2.5064361095428467;
1140000000;-2.3253440856933594;
1146000000;-2.3277871608734131;
1152000000;-2.4521160125732422;
1158000000;-2.6958096027374268;
1164000000;-3.0176074504852295;
1170000000;-3.4362890720367432;
1176000000;-4.0065855979919434;
1182000000;-4.5945234298706055;
1188000000;-5.2153830528259277;
1194000000;-5.7317700386047363;
1200000000;-6.099337100982666;
1206000000;-6.2803053855895996;
1212000000;-6.263911247253418;
1218000000;-6.0404224395751953;
1224000000;-5.6691145896911621;
1230000000;-5.1749482154846191;
1236000000;-4.6379857063293457;
1242000000;-4.157839298248291;
1248000000;-3.8217737674713135;
1254000000;-3.7076852321624756;
1260000000;-3.7795321941375732;
1266000000;-3.9835529327392578;
1272000000;-4.2598609924316406;
1278000000;-4.5489635467529297;
1284000000;-4.8762607574462891;
1290000000;-5.2218255996704102;
1296000000;-5.5826468467712402;
1302000000;-5.9326572418212891;
1308000000;-6.2304835319519043;
1314000000;-6.4343194961547852;
1320000000;-6.5373406410217285;
1326000000;-6.5375661849975586;
1332000000;-6.4236650466918945;
1338000000;-6.3133993148803711;
1344000000;-6.1700925827026367;
1350000000;-6.1549429893493652;
1356000000;-5.836951732635498;
1362000000;-6.2149138450622559;
1368000000;-6.7109732627868652;
1374000000;-7.2034573554992676;
1380000000;-7.668485164642334;
1386000000;-8.0265426635742187;
1392000000;-8.2198734283447266;
1398000000;-8.3540534973144531;
1404000000;-8.4362173080444336;
1410000000;-8.4846811294555664;
1416000000;-8.4660043716430664;
1422000000;-8.4469184875488281;
1428000000;-8.3733863830566406;
1434000000;-8.2218999862670898;
1440000000;-8.0582733154296875;
1446000000;-7.7719001770019531;
1452000000;-7.4324932098388672;
1458000000;-7.1441054344177246;
1464000000;-7.1214103698730469;
1470000000;-7.4332799911499023;
1476000000;-8.0404567718505859;
1482000000;-8.7576837539672852;
1488000000;-9.4238491058349609;
1494000000;-9.9803686141967773;
1500000000;-10.410523414611816;
1506000000;-10.697973251342773;
1512000000;-10.873812675476074;
1518000000;-10.957456588745117;
1524000000;-10.984381675720215;
1530000000;-10.947206497192383;
1536000000;-10.946120262145996;
1542000000;-10.818742752075195;
1548000000;-10.589155197143555;
1554000000;-10.308134078979492;
1560000000;-10.000553131103516;
1566000000;-9.7708139419555664;
1572000000;-9.8194713592529297;
1578000000;-10.205694198608398;
1584000000;-10.78642749786377;
1590000000;-11.500186920166016;
1596000000;-12.171326637268066;
1602000000;-12.660360336303711;
1608000000;-13.029420852661133;
1614000000;-13.18230152130127;
1620000000;-13.198273658752441;
1626000000;-12.978545188903809;
1632000000;-12.6912841796875;
1638000000;-12.252765655517578;
1644000000;-11.692693710327148;
1650000000;-11.071819305419922;
1656000000;-10.312621116638184;
1662000000;-9.6176471710205078;
1668000000;-8.9307308197021484;
1674000000;-8.6216793060302734;
1680000000;-8.884765625;
1686000000;-9.6783227920532227;
1692000000;-10.846805572509766;
1698000000;-12.030123710632324;
1704000000;-13.064019203186035;
1710000000;-13.947751045227051;
1716000000;-14.709630012512207;
1722000000;-15.239775657653809;
1728000000;-15.566400527954102;
1734000000;-15.750802993774414;
1740000000;-15.705442428588867;
1746000000;-15.500823020935059;
1752000000;-15.080519676208496;
1758000000;-14.424286842346191;
1764000000;-13.537187576293945;
1770000000;-12.56676197052002;
1776000000;-11.557277679443359;
1782000000;-10.869024276733398;
1788000000;-10.769425392150879;
1794000000;-11.341410636901855;
1800000000;-12.20242977142334;
1806000000;-13.133010864257813;
1812000000;-13.978405952453613;
1818000000;-14.771663665771484;
1824000000;-15.368494033813477;
1830000000;-15.798269271850586;
1836000000;-16.082937240600586;
1842000000;-16.155706405639648;
1848000000;-16.022405624389648;
1854000000;-15.646675109863281;
1860000000;-15.024923324584961;
1866000000;-14.074731826782227;
1872000000;-12.938599586486816;
1878000000;-11.742802619934082;
1884000000;-10.813950538635254;
1890000000;-10.534566879272461;
1896000000;-10.826874732971191;
1902000000;-11.527594566345215;
1908000000;-12.178098678588867;
1914000000;-12.899175643920898;
1920000000;-13.567242622375488;
1926000000;-14.299068450927734;
1932000000;-15.104924201965332;
1938000000;-15.849854469299316;
1944000000;-16.46589469909668;
1950000000;-16.903911590576172;
1956000000;-17.170682907104492;
1962000000;-17.019973754882812;
1968000000;-16.580270767211914;
1974000000;-15.811792373657227;
1980000000;-14.698006629943848;
1986000000;-13.463703155517578;
1992000000;-12.366872787475586;
1998000000;-12.020917892456055;
2004000000;-12.514713287353516;
2010000000;-13.537759780883789;
2016000000;-14.716350555419922;
2022000000;-15.689631462097168;
2028000000;-16.59510612487793;
2034000000;-17.509218215942383;
2040000000;-18.275590896606445;
2046000000;-18.971403121948242;
2052000000;-19.521505355834961;
2058000000;-19.921232223510742;
2064000000;-20.14105224609375;
2070000000;-20.122257232666016;
2076000000;-19.750511169433594;
2082000000;-19.235633850097656;
2088000000;-18.437065124511719;
2094000000;-17.49622917175293;
2100000000;-16.731958389282227;
2106000000;-16.501537322998047;
2112000000;-16.80824089050293;
2118000000;-17.552366256713867;
2124000000;-18.382143020629883;
2130000000;-19.155767440795898;
2136000000;-19.793333053588867;
2142000000;-20.263458251953125;
2148000000;-20.589702606201172;
2154000000;-20.793302536010742;
2160000000;-20.858953475952148;
2166000000;-20.869989395141602;
2172000000;-20.738100051879883;
2178000000;-20.401737213134766;
2184000000;-19.941371917724609;
2190000000;-19.093267440795898;
2196000000;-18.110280990600586;
2202000000;-17.016952514648438;
2208000000;-16.020658493041992;
2214000000;-15.686598777770996;
2220000000;-16.257175445556641;
2226000000;-17.398336410522461;
2232000000;-18.756324768066406;
2238000000;-19.899913787841797;
2244000000;-20.889932632446289;
2250000000;-21.536550521850586;
2256000000;-21.822168350219727;
2262000000;-21.884057998657227;
2268000000;-21.788850784301758;
2274000000;-21.408227920532227;
2280000000;-20.90452766418457;
2286000000;-20.154064178466797;
2292000000;-19.422477722167969;
2298000000;-18.609066009521484;
2304000000;-17.758016586303711;
2310000000;-17.084760665893555;
2316000000;-16.89784049987793;
2322000000;-17.342531204223633;
2328000000;-18.471580505371094;
2334000000;-19.800132751464844;
2340000000;-21.188808441162109;
2346000000;-22.427883148193359;
2352000000;-23.41290283203125;
2358000000;-24.164594650268555;
2364000000;-24.560646057128906;
2370000000;-24.656936645507813;
2376000000;-24.343915939331055;
2382000000;-23.879306793212891;
2388000000;-22.965993881225586;
2394000000;-21.890535354614258;
2400000000;-20.629314422607422;
2406000000;-19.09284782409668;
2412000000;-17.620927810668945;
2418000000;-16.457447052001953;
2424000000;-15.973383903503418;
2430000000;-16.360929489135742;
2436000000;-17.463630676269531;
2442000000;-18.967357635498047;
2448000000;-20.505704879760742;
2454000000;-21.785982131958008;
2460000000;-22.768350601196289;
2466000000;-23.585264205932617;
2472000000;-23.941476821899414;
2478000000;-24.040699005126953;
2484000000;-23.799776077270508;
2490000000;-23.162143707275391;
2496000000;-22.346307754516602;
2502000000;-21.120658874511719;
2508000000;-19.84251594543457;
2514000000;-18.437515258789063;
2520000000;-17.073698043823242;
2526000000;-16.301980972290039;
2532000000;-16.222082138061523;
2538000000;-16.890874862670898;
2544000000;-18.222749710083008;
2550000000;-19.813892364501953;
2556000000;-21.379751205444336;
2562000000;-22.686050415039063;
2568000000;-23.783737182617188;
2574000000;-24.471784591674805;
2580000000;-25.174579620361328;
2586000000;-25.289531707763672;
2592000000;-25.339221954345703;
2598000000;-24.90162467956543;
2604000000;-24.348814010620117;
2610000000;-23.520999908447266;
2616000000;-22.426477432250977;
2622000000;-21.29905891418457;
2628000000;-20.251474380493164;
2634000000;-19.468330383300781;
2640000000;-19.129562377929688;
2646000000;-19.270879745483398;
2652000000;-19.743291854858398;
2658000000;-20.577438354492187;
2664000000;-21.450878143310547;
2670000000;-22.377246856689453;
2676000000;-23.398689270019531;
2682000000;-24.312711715698242;
2688000000;-25.018768310546875;
2694000000;-25.469564437866211;
2700000000;-25.923816680908203;
2706000000;-26.065217971801758;
2712000000;-25.957597732543945;
2718000000;-25.662763595581055;
2724000000;-25.123785018920898;
2730000000;-25.116327285766602;
2736000000;-24.402139663696289;
2742000000;-23.653753280639648;
2748000000;-22.548519134521484;
2754000000;-22.263448715209961;
2760000000;-22.178289413452148;
2766000000;-22.198783874511719;
2772000000;-22.413295745849609;
2778000000;-22.724826812744141;
2784000000;-23.167181015014648;
2790000000;-23.583576202392578;
2796000000;-24.152151107788086;
2802000000;-24.798015594482422;
2808000000;-25.112823486328125;
2814000000;-25.383785247802734;
2820000000;-25.413764953613281;
2826000000;-25.25465202331543;
2832000000;-24.955354690551758;
2838000000;-24.358341217041016;
2844000000;-23.773744583129883;
2850000000;-23.138004302978516;
2856000000;-22.4788818359375;
2862000000;-22.100376129150391;
2868000000;-21.788759231567383;
2874000000;-21.575336456298828;
2880000000;-21.456768035888672;
2886000000;-21.402875900268555;
2892000000;-21.467140197753906;
2898000000;-21.775566101074219;
2904000000;-22.339927673339844;
2910000000;-23.135196685791016;
2916000000;-23.83030891418457;
2922000000;-24.553659439086914;
2928000000;-25.102855682373047;
2934000000;-25.331809997558594;
2940000000;-25.42359733581543;
2946000000;-25.335578918457031;
2952000000;-25.187519073486328;
2958000000;-24.787246704101563;
2964000000;-24.487579345703125;
2970000000;-24.170890808105469;
2976000000;-23.828771591186523;
2982000000;-23.594266891479492;
2988000000;-23.395975112915039;
2994000000;-23.139621734619141;
3000000000;-22.913223266601563;
